9
15 3 2 11 4 1 8 8 8

6
6 2 2 4 8 8

5
1 1 1 1 1

2
1 1

4
2 2 9 9

3
1 2 3

64
40 40 40 40 40 40 40 40 40 40 40 40 40 40 40 40 40 40 40 40 40
40 40 43 42 42 41 10 4 40 40 40 40 40 40 40 40 40 40 40 40 40
40 40 40 40 40 40 40 40 40 40 40 40 40 40 40 40 40 40 40 40 40
40

7
49 48 47 46 45 44 43

7
3 4 5 5 5 5 13

7
2 7 7 7 7 10 20

6
1 2 3 11 11 20

7
63 2 44 12 60 35 60

9
5 2 1 5 2 1 5 2 1

4
1 2 3 4

64
32 32 32 32 32 32 32 32 32 32
32 32 32 32 32 32 32 32 32 32
32 32 32 32 32 32 32 32 32 32
32 32 32 32 32 32 32 32 32 32
32 32 32 32 32 32 32 32 32 32
32 32 32 32 32 32 32 32 32 32
33 33 31 31

64
40 40 30 35 35 26 15 40 40 40 40 40 40 40 40 40 40 40 40 40 40
40 40 43 42 42 41 10 4 40 40 40 40 40 40 40 40 40 40 40 40 40
40 25 39 46 40 10 4 40 40 37 18 17 16 15 40 40 40 40 40 40 40
40
45
15 3 2 11 4 1 8 8 8 15 3 2 11 4 1 8 8 8 15 3 2 11 4 1 8 8 8 15 3 2 11 4 1 8 8 8
15 3 2 11 4 1 8 8 8
0