30 9
788 71 946 567 79 814 272 476 915 939 472 397 216 759 524 634 460 41 78 533 139 529 856 920 756 561 841 690 390 761 
1 2
2 4
4 8
8 16
8 17
4 9
9 18
9 19
2 5
5 10
10 20
10 21
5 11
11 22
11 23
1 3
3 6
6 12
12 24
12 25
6 13
13 26
13 27
3 7
7 14
14 28
14 29
7 15
15 30
31 47
877 611 389 897 150 854 793 380 539 626 804 435 584 588 9 159 896 37 472 984 865 943 519 632 363 95 763 415 715 585 512 
1 2
2 4
4 8
8 16
8 17
4 9
9 18
9 19
2 5
5 10
10 20
10 21
5 11
11 22
11 23
1 3
3 6
6 12
12 24
12 25
6 13
13 26
13 27
3 7
7 14
14 28
14 29
7 15
15 30
15 31
51 34
430 490 401 60 889 620 12 580 908 53 978 207 296 92 803 607 923 521 881 541 191 290 97 391 461 509 442 215 810 359 789 356 648 859 34 537 140 185 23 951 245 206 481 596 418 986 408 60 696 775 461 
1 2
2 4
4 8
8 16
16 32
16 33
8 17
17 34
17 35
4 9
9 18
18 36
18 37
9 19
19 38
19 39
2 5
5 10
10 20
20 40
20 41
10 21
21 42
21 43
5 11
11 22
22 44
22 45
11 23
23 46
23 47
1 3
3 6
6 12
12 24
24 48
24 49
12 25
25 50
25 51
6 13
13 26
13 27
3 7
7 14
14 28
14 29
7 15
15 30
15 31
29 17
952 184 595 907 561 245 280 785 32 274 942 130 890 997 508 999 505 330 723 268 101 281 618 391 612 625 404 979 292 
1 2
2 4
4 8
8 16
8 17
4 9
9 18
9 19
2 5
5 10
10 20
10 21
5 11
11 22
11 23
1 3
3 6
6 12
12 24
12 25
6 13
13 26
13 27
3 7
7 14
14 28
14 29
7 15
92 155
432 164 87 981 183 6 648 994 468 227 459 885 697 152 596 268 687 296 719 284 69 993 739 700 335 827 410 48 485 411 657 530 3 267 432 607 896 436 538 648 687 179 327 50 966 728 976 545 409 139 486 713 864 184 481 859 716 258 478 392 704 426 541 858 102 658 823 13 293 205 92 462 947 818 101 494 871 553 191 662 855 916 453 15 548 711 636 58 775 48 817 844 
1 2
2 4
4 8
8 16
16 32
32 64
32 65
16 33
33 66
33 67
8 17
17 34
34 68
34 69
17 35
35 70
35 71
4 9
9 18
18 36
36 72
36 73
18 37
37 74
37 75
9 19
19 38
38 76
38 77
19 39
39 78
39 79
2 5
5 10
10 20
20 40
40 80
40 81
20 41
41 82
41 83
10 21
21 42
42 84
42 85
21 43
43 86
43 87
5 11
11 22
22 44
44 88
44 89
22 45
45 90
45 91
11 23
23 46
46 92
23 47
1 3
3 6
6 12
12 24
24 48
24 49
12 25
25 50
25 51
6 13
13 26
26 52
26 53
13 27
27 54
27 55
3 7
7 14
14 28
28 56
28 57
14 29
29 58
29 59
7 15
15 30
30 60
30 61
15 31
31 62
31 63
56 97
26 385 821 976 882 127 68 855 658 583 632 762 177 888 342 149 354 137 812 299 802 771 980 130 680 672 443 611 688 893 597 822 447 762 31 159 353 118 373 81 356 603 454 609 388 452 538 489 203 20 737 245 276 874 59 120 
1 2
2 4
4 8
8 16
16 32
16 33
8 17
17 34
17 35
4 9
9 18
18 36
18 37
9 19
19 38
19 39
2 5
5 10
10 20
20 40
20 41
10 21
21 42
21 43
5 11
11 22
22 44
22 45
11 23
23 46
23 47
1 3
3 6
6 12
12 24
24 48
24 49
12 25
25 50
25 51
6 13
13 26
26 52
26 53
13 27
27 54
27 55
3 7
7 14
14 28
28 56
14 29
7 15
15 30
15 31
75 5
726 387 184 941 152 763 358 845 732 980 392 335 44 146 281 707 859 679 511 915 25 198 735 214 800 51 146 175 434 394 333 142 497 204 129 994 554 887 391 907 187 966 338 398 483 469 319 629 413 713 912 807 908 19 971 321 231 601 595 631 99 770 965 408 369 889 603 149 521 129 353 680 937 13 952 
1 2
2 4
4 8
8 16
16 32
32 64
32 65
16 33
33 66
33 67
8 17
17 34
34 68
34 69
17 35
35 70
35 71
4 9
9 18
18 36
36 72
36 73
18 37
37 74
37 75
9 19
19 38
19 39
2 5
5 10
10 20
20 40
20 41
10 21
21 42
21 43
5 11
11 22
22 44
22 45
11 23
23 46
23 47
1 3
3 6
6 12
12 24
24 48
24 49
12 25
25 50
25 51
6 13
13 26
26 52
26 53
13 27
27 54
27 55
3 7
7 14
14 28
28 56
28 57
14 29
29 58
29 59
7 15
15 30
30 60
30 61
15 31
31 62
31 63
62 8
762 997 884 41 41 450 109 292 246 548 238 604 561 284 504 709 37 799 346 976 290 625 399 77 344 896 594 972 140 474 419 260 394 77 412 21 470 737 66 403 227 929 729 662 404 748 223 475 526 73 967 700 393 1000 297 73 739 554 691 798 849 395 
1 2
2 4
4 8
8 16
16 32
16 33
8 17
17 34
17 35
4 9
9 18
18 36
18 37
9 19
19 38
19 39
2 5
5 10
10 20
20 40
20 41
10 21
21 42
21 43
5 11
11 22
22 44
22 45
11 23
23 46
23 47
1 3
3 6
6 12
12 24
24 48
24 49
12 25
25 50
25 51
6 13
13 26
26 52
26 53
13 27
27 54
27 55
3 7
7 14
14 28
28 56
28 57
14 29
29 58
29 59
7 15
15 30
30 60
30 61
15 31
31 62